10101010101010101010101111010101
11111110000011111000001111110001
10010011100110011010111010101001
01101000000111001101100001101011
10000000000000111111111111101001
01111111111111111101100001111011
10010011100110011010111010101001
11111111111111111111100000010101
10000000000011111111111111100000
10010011100110011010111010101001
01101000000111001101100001101011
01110101111111111101100001111011
11111111110101010101011111010101
01100101011111111111100001111011
10010011111111111110111010101001
01101000000111001101100001101011
01101010101111101011100001111011
10010011100110011010111010101001
11111010101010101001010101010101
11111111110101010101011111010101
